100 2.8e-05
600 0.000588
1100 0.002001
1600 0.004538
2100 0.006886
2600 0.01131
3100 0.013098
3600 0.017836
4100 0.022548
4600 0.027836
5100 0.031791
5600 0.037986
6100 0.042583
6600 0.047188
7100 0.055461
7600 0.06072
8100 0.069756
8600 0.078023
9100 0.095451
9600 0.09278
10100 0.101803
10600 0.111119
11100 0.123801
11600 0.133654
12100 0.143716
12600 0.158859
13100 0.243496
13600 0.38454
14100 0.412842
14600 0.442085
15100 0.472515
15600 0.505886
16100 0.537726
16600 0.376217
17100 0.278028
17600 0.293252
18100 0.315973
18600 0.730461
19100 0.756574
19600 0.797015
20100 0.833716
20600 0.399935
21100 0.418241
21600 0.720552
22100 1.01392
22600 1.05931
23100 0.798534
23600 0.528263
24100 0.992128
24600 1.29849
25100 1.31901
25600 1.36214
26100 0.911378
26600 0.722709
27100 1.52662
27600 1.62825
28100 1.63843
28600 1.69594
29100 1.76217
29600 1.39343
