100 2.8e-05
600 0.000878
1100 0.00371
1600 0.005584
2100 0.010091
2600 0.013991
3100 0.017973
3600 0.024406
4100 0.031794
4600 0.033842
5100 0.044117
5600 0.051014
6100 0.057202
6600 0.063676
7100 0.073245
7600 0.087084
8100 0.099142
8600 0.105814
9100 0.119254
9600 0.129695
10100 0.14179
10600 0.155456
11100 0.168929
11600 0.185646
12100 0.199284
12600 0.246028
13100 0.502238
13600 0.542838
14100 0.582089
14600 0.630321
15100 0.679895
15600 0.393447
16100 0.346074
16600 0.368006
17100 0.804478
17600 0.911911
18100 0.95844
18600 1.02215
19100 1.07021
19600 0.784358
20100 0.538226
20600 1.00072
21100 1.30968
21600 1.36998
22100 1.44006
22600 1.50729
23100 1.57757
23600 1.64402
24100 1.70808
24600 0.948801
25100 1.70064
25600 1.94838
26100 2.01736
26600 2.10469
27100 2.17098
27600 2.24516
28100 1.91618
28600 1.56012
29100 2.49461
29600 2.5806
