100 2.9e-05
600 0.000806
1100 0.002632
1600 0.005543
2100 0.009497
2600 0.015116
3100 0.021054
3600 0.02799
4100 0.036696
4600 0.045769
5100 0.05592
5600 0.067076
6100 0.079133
6600 0.092064
7100 0.106428
7600 0.122173
8100 0.138198
8600 0.155764
9100 0.174189
9600 0.193172
10100 0.212949
10600 0.2355
11100 0.258153
11600 0.281645
12100 0.306134
12600 0.331559
13100 0.358672
13600 0.385986
14100 0.415093
14600 0.444487
15100 0.475202
15600 0.508772
16100 0.540241
16600 0.575185
17100 0.609246
17600 0.646533
18100 0.682181
18600 0.721281
19100 0.759995
19600 0.806489
20100 0.84379
20600 0.885351
21100 0.927791
21600 0.972161
22100 1.01622
22600 1.06365
23100 1.11058
23600 1.15908
24100 1.20888
24600 1.26212
25100 1.31129
25600 1.36961
26100 1.41758
26600 1.47267
27100 1.52981
27600 1.58681
28100 1.64393
28600 1.70337
29100 1.76398
29600 1.82005
