100 3e-05
600 0.001171
1100 0.003282
1600 0.007389
2100 0.012308
2600 0.019167
3100 0.0219
3600 0.029997
4100 0.036356
4600 0.042842
5100 0.050914
5600 0.057408
6100 0.066944
6600 0.077233
7100 0.089579
7600 0.104611
8100 0.114746
8600 0.12687
9100 0.141555
9600 0.156114
10100 0.172982
10600 0.190134
11100 0.411882
11600 0.487932
12100 0.536888
12600 0.577039
13100 0.624593
13600 0.606166
14100 0.339762
14600 0.460769
15100 0.67964
15600 0.895896
16100 0.948233
16600 0.868581
17100 0.482242
17600 0.620713
18100 1.20861
18600 1.25707
19100 1.33326
19600 0.729837
20100 0.885765
20600 1.55673
21100 1.6295
21600 1.70777
22100 1.80822
22600 1.91169
23100 1.98956
23600 2.09019
24100 1.25559
24600 1.86906
25100 2.33941
25600 2.47705
26100 1.67909
26600 2.16224
27100 2.68026
27600 2.78766
28100 2.89259
28600 2.98176
29100 1.86074
29600 3.19443
