100 2.3964e-08
400 2.83467e-08
700 3.19897e-08
1000 3.17914e-08
1300 3.60548e-08
1600 6.91818e-08
1900 7.71e-08
2200 8.52238e-08
2500 8.50636e-08
2800 4.05824e-08
3100 3.89913e-08
3400 3.91974e-08
3700 3.89428e-08
4000 3.89479e-08
4300 7.80032e-08
4600 9.39704e-08
4900 9.35815e-08
5200 7.58928e-08
5500 4.25433e-08
5800 4.27388e-08
6100 9.07251e-08
6400 9.34253e-08
6700 9.33913e-08
7000 6.30325e-08
7300 4.25017e-08
7600 5.07462e-08
7900 9.34263e-08
8200 1.0209e-07
8500 1.01589e-07
8800 4.67534e-08
9100 4.61582e-08
9400 8.9241e-08
9700 1.01547e-07
10000 1.01643e-07
10300 6.36624e-08
10600 4.63635e-08
10900 7.18601e-08
11200 1.01669e-07
11500 1.02046e-07
11800 8.04273e-08
12100 4.6373e-08
12400 5.55466e-08
12700 1.01854e-07
13000 1.01623e-07
13300 9.66696e-08
13600 4.64562e-08
13900 4.64227e-08
14200 9.48022e-08
14500 1.02156e-07
14800 1.01633e-07
15100 5.73201e-08
15400 4.64592e-08
15700 7.91841e-08
16000 1.01599e-07
16300 1.01397e-07
16600 7.77602e-08
16900 5.01981e-08
17200 7.84706e-08
17500 1.11068e-07
17800 1.10013e-07
18100 7.17943e-08
18400 5.00757e-08
18700 8.48299e-08
19000 1.09856e-07
19300 1.09975e-07
19600 6.62557e-08
19900 5.00417e-08
20200 9.04254e-08
20500 1.09868e-07
20800 1.10066e-07
21100 6.05225e-08
21400 5.00116e-08
21700 9.57238e-08
22000 1.10119e-07
22300 1.10096e-07
22600 5.48665e-08
22900 4.99625e-08
23200 1.01325e-07
23500 1.10332e-07
23800 1.09866e-07
24100 5.01221e-08
24400 4.99515e-08
24700 1.0693e-07
25000 1.10074e-07
25300 1.10362e-07
25600 1.00729e-07
25900 5.02363e-08
26200 5.63875e-08
26500 1.10063e-07
26800 1.10021e-07
27100 9.39482e-08
27400 5.00829e-08
27700 6.11994e-08
28000 1.10161e-07
28300 1.10058e-07
28600 8.94918e-08
28900 5.10274e-08
29200 6.89769e-08
29500 1.10021e-07
29800 1.10404e-07
30100 8.1857e-08
30400 4.99679e-08
30700 7.48424e-08
31000 1.10553e-07
31300 1.10047e-07
31600 1.10156e-07
31900 1.10082e-07
32200 6.86047e-08
32500 4.99111e-08
32800 9.46909e-08
33100 1.18197e-07
33400 1.18035e-07
33700 1.11323e-07
34000 5.3795e-08
34300 6.49777e-08
34600 1.18556e-07
34900 1.18759e-07
35200 8.37892e-08
35500 5.40769e-08
35800 9.37036e-08
36100 1.18537e-07
36400 1.1981e-07
36700 5.45301e-08
37000 5.74815e-08
37300 1.18122e-07
37600 1.18164e-07
37900 9.12472e-08
38200 5.36443e-08
38500 8.46537e-08
38800 1.17981e-07
39100 1.18211e-07
39400 6.4159e-08
39700 5.36511e-08
40000 1.11795e-07
40300 1.18153e-07
40600 1.01874e-07
40900 5.36081e-08
41200 7.41602e-08
41500 1.18022e-07
41800 1.1802e-07
42100 7.50457e-08
42400 5.36148e-08
42700 1.01825e-07
43000 1.18713e-07
43300 1.18188e-07
43600 1.18046e-07
43900 1.17984e-07
44200 1.18901e-07
44500 1.17999e-07
44800 1.18336e-07
45100 6.53584e-08
45400 5.37154e-08
45700 1.11112e-07
46000 1.18225e-07
46300 1.02501e-07
46600 5.37668e-08
46900 7.39835e-08
47200 1.18109e-07
47500 1.1803e-07
47800 7.52079e-08
48100 5.38378e-08
48400 1.02062e-07
48700 1.17987e-07
49000 1.18232e-07
49300 1.0469e-07
49600 5.37846e-08
49900 7.30285e-08
50200 1.18114e-07
50500 1.18272e-07
50800 1.17976e-07
51100 6.84921e-08
51400 5.36926e-08
51700 1.08269e-07
52000 1.18571e-07
52300 1.05262e-07
52600 5.37758e-08
52900 7.05743e-08
53200 1.18042e-07
53500 1.18472e-07
53800 7.78091e-08
54100 5.37086e-08
54400 9.91466e-08
54700 1.18186e-07
55000 1.18029e-07
55300 1.18143e-07
55600 9.96004e-08
55900 5.36256e-08
56200 7.62929e-08
56500 1.18155e-07
56800 1.18108e-07
57100 7.23161e-08
57400 5.37863e-08
57700 1.03731e-07
58000 1.18528e-07
58300 1.10447e-07
58600 5.3817e-08
58900 6.77263e-08
59200 1.17989e-07
59500 1.18119e-07
59800 1.18332e-07
60100 7.35936e-08
60400 5.3733e-08
60700 1.0389e-07
61000 1.18194e-07
61300 1.10517e-07
61600 5.37255e-08
61900 6.65662e-08
62200 1.18957e-07
62500 1.18055e-07
62800 8.20657e-08
63100 5.38334e-08
63400 9.52015e-08
63700 1.18012e-07
64000 1.18016e-07
64300 1.11655e-07
64600 5.40078e-08
64900 6.7926e-08
65200 1.18564e-07
65500 1.18026e-07
65800 8.55522e-08
66100 5.75786e-08
66400 1.13419e-07
66700 1.26295e-07
67000 1.03364e-07
67300 5.7553e-08
67600 9.36011e-08
67900 1.26419e-07
68200 1.2284e-07
68500 5.7368e-08
68800 7.39324e-08
69100 1.26851e-07
69400 1.27265e-07
69700 1.26436e-07
70000 6.09906e-08
70300 6.80892e-08
70600 1.26458e-07
70900 1.26883e-07
71200 7.90431e-08
71500 5.74499e-08
71800 1.19693e-07
72100 1.26618e-07
72400 1.26383e-07
72700 8.51032e-08
73000 5.74495e-08
73300 1.13107e-07
73600 1.26648e-07
73900 1.03277e-07
74200 5.73751e-08
74500 9.3427e-08
74800 1.26416e-07
75100 1.23963e-07
75400 5.78218e-08
75700 7.61318e-08
76000 1.2653e-07
76300 1.26423e-07
76600 1.26362e-07
76900 5.93881e-08
77200 6.98048e-08
77500 1.2639e-07
77800 1.26815e-07
78100 1.26506e-07
78400 1.26371e-07
78700 1.26441e-07
79000 1.26944e-07
79300 1.26385e-07
79600 1.27513e-07
79900 6.05043e-08
80200 6.72825e-08
80500 1.26414e-07
80800 1.26427e-07
81100 1.26995e-07
81400 1.26445e-07
81700 1.26391e-07
82000 1.00144e-07
82300 5.75212e-08
82600 9.83361e-08
82900 1.26449e-07
83200 1.19429e-07
83500 5.73484e-08
83800 7.99401e-08
84100 1.26531e-07
84400 1.26575e-07
84700 6.74351e-08
85000 6.0772e-08
85300 1.26336e-07
85600 1.26434e-07
85900 8.68476e-08
86200 5.75098e-08
86500 1.11907e-07
86800 1.26373e-07
87100 1.04838e-07
87400 5.75151e-08
87700 9.27548e-08
88000 1.26521e-07
88300 1.26403e-07
88600 1.26392e-07
88900 9.97651e-08
89200 5.82859e-08
89500 1.02753e-07
89800 1.26345e-07
90100 1.26355e-07
90400 1.2647e-07
90700 9.08218e-08
91000 5.75491e-08
91300 1.07347e-07
91600 1.26668e-07
91900 1.26708e-07
92200 1.26678e-07
92500 8.47355e-08
92800 5.76306e-08
93100 1.13903e-07
93400 1.26558e-07
93700 1.26529e-07
94000 9.04677e-08
94300 5.7527e-08
94600 1.07859e-07
94900 1.26597e-07
95200 1.09447e-07
95500 5.76633e-08
95800 9.07029e-08
96100 1.26731e-07
96400 1.26385e-07
96700 5.74237e-08
97000 7.15034e-08
97300 1.26356e-07
97600 1.26388e-07
97900 1.26461e-07
98200 6.3494e-08
98500 6.46067e-08
98800 1.26365e-07
99100 1.26695e-07
99400 8.28541e-08
99700 5.74e-08
100000 1.15448e-07
100300 1.26346e-07
100600 1.26357e-07
100900 1.26515e-07
101200 7.72959e-08
101500 5.75005e-08
101800 1.21975e-07
102100 1.26479e-07
102400 9.50869e-08
102700 5.74232e-08
103000 1.0337e-07
103300 1.26591e-07
103600 1.13124e-07
103900 5.74695e-08
104200 8.43362e-08
104500 1.26483e-07
104800 1.26706e-07
105100 6.28091e-08
105400 6.58828e-08
105700 1.26429e-07
106000 1.26366e-07
106300 1.26415e-07
106600 1.26717e-07
106900 1.26632e-07
107200 1.26373e-07
107500 1.26483e-07
107800 1.26421e-07
108100 6.48115e-08
108400 6.33049e-08
108700 1.26667e-07
109000 1.27018e-07
109300 1.26799e-07
109600 1.26822e-07
109900 5.89923e-08
110200 7.05141e-08
110500 1.26361e-07
110800 1.26478e-07
111100 7.68982e-08
111400 5.75148e-08
111700 1.2132e-07
112000 1.26852e-07
112300 9.52902e-08
112600 5.75066e-08
112900 1.03346e-07
113200 1.26598e-07
113500 1.13212e-07
113800 5.75904e-08
114100 8.44461e-08
114400 1.26445e-07
114700 1.26481e-07
115000 1.19789e-07
115300 5.75918e-08
115600 7.83735e-08
115900 1.26589e-07
116200 1.26476e-07
116500 6.90997e-08
116800 5.95405e-08
117100 1.26573e-07
117400 1.26854e-07
117700 1.26717e-07
118000 1.26818e-07
118300 6.21865e-08
118600 6.61968e-08
118900 1.26302e-07
119200 1.26378e-07
119500 1.26494e-07
119800 1.25802e-07
120100 5.74617e-08
120400 7.15612e-08
120700 1.26403e-07
121000 1.26415e-07
121300 1.26547e-07
121600 1.26536e-07
121900 1.264e-07
122200 1.26368e-07
122500 1.26636e-07
122800 1.27012e-07
123100 5.94156e-08
123400 7.25983e-08
123700 1.26601e-07
124000 1.26365e-07
124300 7.5845e-08
124600 5.83921e-08
124900 1.24474e-07
125200 1.26685e-07
125500 9.26623e-08
125800 5.85303e-08
126100 1.0899e-07
126400 1.27036e-07
126700 1.08207e-07
127000 5.76732e-08
127300 9.31837e-08
127600 1.269e-07
127900 1.26636e-07
128200 1.26603e-07
128500 1.271e-07
128800 1.26836e-07
129100 1.27106e-07
129400 1.26315e-07
129700 1.26559e-07
130000 9.40842e-08
130300 5.83716e-08
130600 1.06594e-07
130900 1.26586e-07
131200 1.14304e-07
131500 6.09906e-08
131800 1.05676e-07
132100 1.34555e-07
132400 1.34533e-07
132700 9.80812e-08
133000 6.10168e-08
133300 1.21132e-07
133600 1.34513e-07
133900 9.91768e-08
134200 6.11774e-08
134500 1.2102e-07
134800 1.34323e-07
135100 9.89161e-08
135400 6.16905e-08
135700 1.21156e-07
136000 1.34513e-07
136300 9.92339e-08
136600 6.12344e-08
136900 1.21105e-07
137200 1.34443e-07
137500 9.91635e-08
137800 6.10262e-08
138100 1.20575e-07
138400 1.34466e-07
138700 1.3447e-07
139000 1.34489e-07
139300 6.57862e-08
139600 7.91702e-08
139900 1.34783e-07
140200 1.34385e-07
140500 6.66378e-08
140800 7.7763e-08
141100 1.34375e-07
141400 1.34862e-07
141700 1.34484e-07
142000 1.08339e-07
142300 6.11603e-08
142600 1.10884e-07
142900 1.34518e-07
143200 1.3468e-07
143500 1.34451e-07
143800 7.5433e-08
144100 6.92858e-08
144400 1.34745e-07
144700 1.3441e-07
145000 7.63397e-08
145300 6.83475e-08
145600 1.35177e-07
145900 1.34583e-07
146200 1.34389e-07
146500 1.17378e-07
146800 6.10368e-08
147100 1.01307e-07
147400 1.34625e-07
147700 1.18128e-07
148000 6.11729e-08
148300 1.00159e-07
148600 1.344e-07
148900 1.34703e-07
149200 1.03022e-07
149500 6.09431e-08
149800 1.16555e-07
150100 1.34588e-07
150400 1.34488e-07
150700 1.34431e-07
151000 6.91101e-08
151300 7.47163e-08
151600 1.34528e-07
151900 1.34478e-07
152200 1.34458e-07
152500 1.11666e-07
152800 6.0986e-08
153100 1.06392e-07
153400 1.34961e-07
153700 1.34445e-07
154000 1.35002e-07
154300 7.92047e-08
154600 6.48773e-08
154900 1.34933e-07
155200 1.34844e-07
155500 1.34508e-07
155800 6.32016e-08
156100 8.07065e-08
156400 1.34484e-07
156700 1.3456e-07
157000 6.4779e-08
157300 7.985e-08
157600 1.34561e-07
157900 1.34518e-07
158200 1.34877e-07
158500 1.34613e-07
158800 8.88677e-08
159100 6.13502e-08
159400 1.29909e-07
159700 1.34507e-07
160000 1.3442e-07
160300 1.30543e-07
160600 6.103e-08
160900 8.85356e-08
161200 1.34578e-07
161500 1.34372e-07
161800 1.34628e-07
162100 9.75124e-08
162400 6.08663e-08
162700 1.21303e-07
163000 1.3446e-07
163300 1.34531e-07
163600 1.34632e-07
163900 6.46188e-08
164200 7.96996e-08
164500 1.34345e-07
164800 1.34753e-07
165100 6.58239e-08
165400 7.87243e-08
165700 1.34901e-07
166000 1.34597e-07
166300 1.3437e-07
166600 1.34837e-07
166900 1.34486e-07
167200 1.34438e-07
167500 1.13955e-07
167800 6.11605e-08
168100 1.05632e-07
168400 1.34752e-07
168700 1.14131e-07
169000 6.09583e-08
169300 1.05419e-07
169600 1.35662e-07
169900 1.1334e-07
170200 6.10127e-08
170500 1.04146e-07
170800 1.34387e-07
171100 1.34452e-07
171400 1.34479e-07
171700 8.16945e-08
172000 6.17272e-08
172300 1.34784e-07
172600 1.34534e-07
172900 1.35093e-07
173200 1.2358e-07
173500 6.11713e-08
173800 9.5962e-08
174100 1.34336e-07
174400 1.23907e-07
174700 6.11107e-08
175000 9.48948e-08
175300 1.34844e-07
175600 1.245e-07
175900 6.11257e-08
176200 9.45834e-08
176500 1.34242e-07
176800 1.24628e-07
177100 6.12372e-08
177400 9.29499e-08
177700 1.3478e-07
178000 1.25903e-07
178300 7.07196e-08
178600 1.10436e-07
178900 1.34839e-07
179200 1.34816e-07
179500 1.35687e-07
179800 1.35869e-07
180100 1.39029e-07
180400 1.36042e-07
180700 1.35658e-07
181000 1.20056e-07
181300 6.12659e-08
181600 9.95653e-08
181900 1.34425e-07
182200 1.20373e-07
182500 6.17546e-08
182800 1.0174e-07
183100 1.35184e-07
183400 1.35786e-07
183700 1.12272e-07
184000 6.17153e-08
184300 1.0481e-07
184600 1.35792e-07
184900 1.34687e-07
185200 1.36813e-07
185500 1.34834e-07
185800 8.20727e-08
186100 6.17352e-08
186400 1.31461e-07
186700 1.34794e-07
187000 1.35231e-07
187300 1.36199e-07
187600 1.35461e-07
187900 1.36781e-07
188200 1.36338e-07
188500 7.79363e-08
188800 7.23059e-08
189100 1.36703e-07
189400 1.37616e-07
189700 1.35588e-07
190000 1.35441e-07
190300 1.34639e-07
190600 8.44623e-08
190900 6.93768e-08
191200 1.34968e-07
191500 1.34934e-07
191800 7.94473e-08
192100 7.44374e-08
192400 1.3626e-07
192700 1.36415e-07
193000 1.35428e-07
193300 1.14221e-07
193600 6.4067e-08
193900 1.06718e-07
194200 1.35866e-07
194500 1.36357e-07
194800 1.35294e-07
195100 1.34711e-07
195400 8.12587e-08
195700 6.82243e-08
196000 1.35176e-07
196300 1.34937e-07
196600 1.35193e-07
196900 1.3686e-07
197200 1.3543e-07
197500 1.35404e-07
197800 9.09886e-08
198100 6.18689e-08
198400 1.27066e-07
198700 1.34843e-07
199000 1.34882e-07
199300 1.35187e-07
199600 1.34887e-07
199900 1.10239e-07
200200 6.12499e-08
200500 1.08466e-07
200800 1.36283e-07
201100 1.09962e-07
201400 6.13887e-08
201700 1.09061e-07
202000 1.34608e-07
202300 1.34648e-07
202600 9.33578e-08
202900 6.19876e-08
203200 1.29327e-07
203500 1.34805e-07
203800 1.36462e-07
204100 8.05328e-08
204400 9.50368e-08
204700 1.34502e-07
205000 1.34723e-07
205300 6.15693e-08
205600 7.5608e-08
205900 1.37894e-07
206200 1.35398e-07
206500 1.35833e-07
206800 1.35168e-07
207100 9.29804e-08
207400 6.12838e-08
207700 1.27298e-07
208000 1.34594e-07
208300 1.35299e-07
208600 1.36137e-07
208900 1.35401e-07
209200 1.35933e-07
209500 1.35531e-07
209800 8.22935e-08
210100 6.19353e-08
210400 1.30571e-07
210700 1.3482e-07
211000 1.34752e-07
211300 1.35029e-07
211600 1.35104e-07
211900 1.16544e-07
212200 6.15501e-08
212500 1.01201e-07
212800 1.35019e-07
213100 1.35268e-07
213400 1.34929e-07
213700 1.34473e-07
214000 7.68388e-08
214300 6.24846e-08
214600 1.34778e-07
214900 1.34692e-07
215200 1.34573e-07
215500 1.36326e-07
215800 1.34543e-07
216100 1.34831e-07
216400 1.34761e-07
216700 1.2554e-07
217000 6.10712e-08
217300 9.28177e-08
217600 1.34931e-07
217900 1.28775e-07
218200 6.11965e-08
218500 8.91148e-08
218800 1.34835e-07
219100 1.35275e-07
219400 6.21062e-08
219700 7.87149e-08
220000 1.34639e-07
220300 1.34563e-07
220600 1.35053e-07
220900 1.35049e-07
221200 1.34911e-07
221500 1.34757e-07
221800 1.36066e-07
222100 1.36123e-07
222400 1.3717e-07
222700 1.02134e-07
223000 6.18562e-08
223300 1.13264e-07
223600 1.34599e-07
223900 1.0956e-07
224200 6.26356e-08
224500 1.08517e-07
224800 1.35677e-07
225100 1.35252e-07
225400 1.38046e-07
225700 8.40967e-08
226000 8.53534e-08
226300 1.37789e-07
226600 1.3682e-07
226900 1.34493e-07
227200 1.34443e-07
227500 1.37478e-07
227800 1.35689e-07
228100 1.35136e-07
228400 1.34747e-07
228700 1.36669e-07
229000 1.38773e-07
229300 1.38416e-07
229600 1.35138e-07
229900 6.93213e-08
230200 8.68279e-08
230500 1.38808e-07
230800 1.34667e-07
231100 1.38937e-07
231400 1.36566e-07
231700 1.36424e-07
232000 1.34723e-07
232300 1.17786e-07
232600 6.66578e-08
232900 1.13228e-07
233200 1.35779e-07
233500 1.34942e-07
233800 1.34739e-07
234100 7.47305e-08
234400 8.19268e-08
234700 1.34982e-07
235000 1.35788e-07
235300 7.17871e-08
235600 6.81023e-08
235900 1.37804e-07
236200 1.34537e-07
236500 1.34634e-07
236800 1.34557e-07
237100 1.35776e-07
237400 8.44898e-08
237700 6.11167e-08
238000 1.35694e-07
238300 1.3691e-07
238600 1.35006e-07
238900 1.26393e-07
239200 6.27752e-08
239500 9.76777e-08
239800 1.37743e-07
240100 1.3565e-07
240400 1.34655e-07
240700 1.34739e-07
241000 7.53598e-08
241300 7.02226e-08
241600 1.34553e-07
241900 1.35075e-07
242200 1.33956e-07
242500 6.17341e-08
242800 8.58424e-08
243100 1.34662e-07
243400 1.33681e-07
243700 6.1213e-08
244000 8.62923e-08
244300 1.34954e-07
244600 1.35169e-07
244900 1.35718e-07
245200 1.38287e-07
245500 8.54074e-08
245800 8.63078e-08
246100 1.38211e-07
246400 1.3479e-07
246700 1.35798e-07
247000 1.02499e-07
247300 6.6892e-08
247600 1.2855e-07
247900 1.34906e-07
248200 1.36997e-07
248500 1.3501e-07
248800 1.3458e-07
249100 1.34818e-07
249400 1.36234e-07
249700 1.20683e-07
250000 6.60514e-08
250300 1.14468e-07
250600 1.35566e-07
250900 1.37973e-07
251200 1.34946e-07
251500 1.36936e-07
251800 1.34938e-07
252100 1.37066e-07
252400 1.35855e-07
252700 1.36256e-07
253000 1.35852e-07
253300 1.37029e-07
253600 6.92412e-08
253900 9.08549e-08
254200 1.35577e-07
254500 1.3493e-07
254800 1.35209e-07
255100 1.38559e-07
255400 1.35229e-07
255700 1.40934e-07
256000 1.36267e-07
256300 1.3927e-07
256600 1.38263e-07
256900 1.38744e-07
257200 7.88879e-08
257500 6.37372e-08
257800 1.37165e-07
258100 1.34889e-07
258400 1.3486e-07
258700 6.47343e-08
259000 8.27389e-08
259300 1.34638e-07
259600 1.34723e-07
259900 1.34667e-07
260200 1.14393e-07
260500 6.12176e-08
260800 1.01648e-07
261100 1.34625e-07
261400 1.2342e-07
261700 6.23555e-08
262000 1.01695e-07
262300 1.4622e-07
262600 1.45531e-07
262900 1.45794e-07
263200 1.45931e-07
263500 1.4299e-07
263800 1.42984e-07
264100 1.4306e-07
264400 1.42939e-07
264700 1.43026e-07
265000 1.43759e-07
265300 1.43605e-07
265600 7.95922e-08
265900 7.90454e-08
266200 1.43449e-07
266500 1.43613e-07
266800 6.58985e-08
267100 9.84199e-08
267400 1.4364e-07
267700 1.25263e-07
268000 6.6454e-08
268300 1.21281e-07
268600 1.43005e-07
268900 1.42977e-07
269200 8.62682e-08
269500 6.7536e-08
269800 1.43061e-07
270100 1.43733e-07
270400 1.42508e-07
270700 6.53782e-08
271000 9.60872e-08
271300 1.43839e-07
271600 1.436e-07
271900 1.13885e-07
272200 6.56553e-08
272500 1.25477e-07
272800 1.43489e-07
273100 1.43461e-07
273400 1.42994e-07
273700 6.71299e-08
274000 9.84251e-08
274300 1.43439e-07
274600 1.43037e-07
274900 1.43049e-07
275200 8.15727e-08
275500 7.2986e-08
275800 1.43142e-07
276100 1.42887e-07
276400 7.83604e-08
276700 8.7401e-08
277000 1.43311e-07
277300 1.35613e-07
277600 6.48613e-08
277900 1.05925e-07
278200 1.43084e-07
278500 1.42964e-07
278800 1.00727e-07
279100 6.49868e-08
279400 1.40054e-07
279700 1.43243e-07
280000 1.43415e-07
280300 1.43725e-07
280600 9.77797e-08
280900 6.56229e-08
281200 1.44484e-07
281500 1.44088e-07
281800 1.45967e-07
282100 1.43578e-07
282400 9.06637e-08
282700 7.26851e-08
283000 1.43145e-07
283300 1.43373e-07
283600 1.4371e-07
283900 1.1078e-07
284200 6.69157e-08
284500 1.39679e-07
284800 1.43582e-07
285100 1.40578e-07
285400 6.54361e-08
285700 1.01482e-07
286000 1.4299e-07
286300 1.42871e-07
286600 1.46588e-07
286900 1.36768e-07
287200 6.89942e-08
287500 1.10854e-07
287800 1.43482e-07
288100 1.46985e-07
288400 8.86296e-08
288700 7.68477e-08
289000 1.45533e-07
289300 1.44124e-07
289600 1.43657e-07
289900 1.43104e-07
290200 1.36836e-07
290500 6.56628e-08
290800 1.07712e-07
291100 1.43088e-07
291400 1.45279e-07
291700 1.43058e-07
292000 7.16547e-08
292300 8.84633e-08
292600 1.43499e-07
292900 1.4316e-07
293200 1.44388e-07
293500 1.05359e-07
293800 6.56352e-08
294100 1.35627e-07
294400 1.4451e-07
294700 8.6927e-08
295000 8.8889e-08
295300 1.4323e-07
295600 1.44573e-07
295900 1.44428e-07
296200 1.51562e-07
296500 1.45635e-07
296800 1.43269e-07
297100 1.3775e-07
297400 6.47462e-08
297700 1.02214e-07
298000 1.42975e-07
298300 1.20908e-07
298600 7.43698e-08
298900 1.33503e-07
299200 1.44023e-07
299500 1.43465e-07
299800 1.43579e-07
